file shaders/planet.vert.glsl loaded
file shaders/planet.geom.glsl loaded
file shaders/planet.frag.glsl loaded
16	2.14329
24	1.6638
32	1.46172
40	1.74352
48	1.61293
56	1.51968
64	1.4589
72	1.61488
80	1.61147
88	1.51883
96	1.51672
104	1.52071
112	1.51747
120	1.51753
128	1.45913
136	1.52075
144	1.51846
152	1.51815
160	1.51709
168	1.51955
176	1.51794
184	1.51814
192	1.5158
200	1.6123
208	1.61188
216	1.61243
224	1.61269
232	1.61643
240	1.51718
248	1.51606
256	1.45839
264	1.51669
272	1.51667
280	1.51677
288	1.517
296	1.51777
304	1.5166
312	1.51622
320	1.51639
328	1.61533
336	1.6151
344	1.61522
352	1.61527
360	1.61552
368	1.6164
376	1.61671
384	1.6171
392	1.74854
400	1.7486
408	1.75151
416	1.74499
424	1.74447
432	1.61751
440	1.61562
448	1.61543
456	1.61502
464	1.61093
472	1.51556
480	1.5133
488	1.5147
496	1.51261
504	1.51186
512	1.45714
520	1.50984
528	1.51015
536	1.50904
544	1.50935
552	1.5119
560	1.51172
568	1.51137
576	1.5112
584	1.51263
592	1.51262
600	1.51236
608	1.54372
616	1.51498
624	1.51513
632	1.51527
640	1.5146
648	1.61046
656	1.61088
664	1.61117
672	1.61073
680	1.61385
688	1.61251
696	1.61276
704	1.61293
712	1.61379
720	1.61409
728	1.61406
736	1.61404
744	1.6149
752	1.61502
760	1.61493
768	1.61572
776	1.74314
784	1.7432
792	1.74702
800	1.74759
808	1.75049
816	1.75069
824	1.75562
832	1.75494
840	1.7566
848	1.75622
856	1.756
864	1.75589
872	1.75688
880	1.75722
888	1.7578
896	1.75806
904	1.93833
912	1.93938
920	1.94913
928	1.94937
936	1.95387
944	1.95463
952	1.9634
960	1.96381
968	1.9636
976	1.96455
984	1.9642
992	1.96425
1000	1.96572
1008	1.96621
1016	1.96596
1024	1.96638
